These are the relations amongst the two-bipartite
binomials in $n = 5$ up to permutation. Indices start at 0.
Each relation is a linear combination of the binomials. Here we only list those
with non-zero coefficients. 
A tuple (i, j, k, l) correspond to the binomial ik + jl - (il + jk). 
The vector following the list of binomials give their coefficients.
For example, the last list specifies the relation
(0,1,2,3) + (1,4,2,3) - (0,4,2,3) = 0
which expands out to be
(02 + 13) - (03 + 12) + (12 + 43) - (13 + 42) - (02 + 43) + (03 - 42) = 0


([(0, 1, 2, 3), (0, 2, 1, 3), (0, 4, 1, 2), (1, 2, 3, 4), (1, 3, 0, 4), (1, 4, 0, 2), (2, 3, 1, 4), (3, 4, 0, 1)], [1, -1, 1, -1, 1, -1, -1, 1])
([(0, 1, 3, 4), (0, 2, 1, 3), (0, 3, 2, 4), (0, 4, 1, 2), (1, 2, 0, 3), (1, 3, 0, 4), (2, 4, 0, 1), (3, 4, 0, 2)], [-1, -1, 1, 1, 1, -1, 1, -1])
([(0, 2, 1, 3), (0, 3, 1, 2), (0, 4, 2, 3), (1, 2, 0, 4), (1, 3, 2, 4), (1, 4, 0, 2), (2, 3, 1, 4), (2, 4, 0, 3)], [-1, 1, 1, -1, 1, 1, -1, -1])
([(0, 1, 3, 4), (0, 2, 1, 4), (0, 4, 1, 3), (1, 2, 0, 4), (1, 3, 0, 2), (1, 4, 2, 3), (2, 3, 0, 1), (3, 4, 1, 2)], [-1, 1, -1, -1, 1, 1, -1, 1])
([(0, 2, 3, 4), (0, 3, 2, 4), (0, 4, 2, 3), (2, 3, 0, 4), (2, 4, 0, 3), (3, 4, 0, 2)], [-1, 1, -1, -1, 1, -1])
([(1, 2, 3, 4), (1, 3, 0, 4), (1, 4, 0, 3), (2, 3, 1, 4), (2, 4, 1, 3), (3, 4, 0, 1)], [1, -1, 1, 1, -1, -1])
([(0, 1, 2, 3), (0, 2, 1, 3), (0, 4, 1, 2), (1, 2, 3, 4), (1, 3, 2, 4), (2, 3, 0, 4), (2, 4, 0, 1), (3, 4, 0, 2)], [1, -1, 1, -1, 1, -1, 1, -1])
([(0, 1, 3, 4), (0, 2, 1, 3), (0, 3, 2, 4), (0, 4, 1, 2), (1, 2, 0, 4), (1, 3, 0, 2), (1, 4, 2, 3), (2, 3, 1, 4), (2, 4, 0, 3), (3, 4, 0, 1)], [-1, -1, 1, 1, -1, 1, 1, -1, -1, 1])
([(0, 1, 2, 4), (0, 2, 3, 4), (0, 3, 1, 2), (0, 4, 1, 3), (1, 2, 0, 3), (1, 3, 0, 4), (1, 4, 2, 3), (2, 3, 1, 4), (2, 4, 0, 1), (3, 4, 0, 2)], [1, -1, 1, -1, -1, 1, 1, -1, -1, 1])
([(0, 1, 2, 3), (0, 1, 3, 4), (0, 1, 2, 4)], [1, 1, -1])
([(0, 1, 2, 3), (1, 4, 2, 3), (0, 4, 2, 3)], [1, 1, -1])


